Крок	x1	x2	Phi(X)
0	-1.200000	0.000000	7.993600e+00
1	-1.800000	-0.600000	1.600000e+00
2	-1.600000	-1.200000	1.600000e-01
3	-1.600000	-1.200000	1.600000e-01
4	-1.500000	-1.300000	4.360000e-02
5	-1.450000	-1.400000	6.406250e-03
6	-1.400000	-1.400000	6.400000e-03
7	-1.425000	-1.400000	7.128906e-04
8	-1.425000	-1.400000	7.128906e-04
9	-1.425000	-1.400000	7.128906e-04
10	-1.425000	-1.400000	7.128906e-04
11	-1.425000	-1.400000	7.128906e-04
12	-1.425000	-1.400000	7.128906e-04
13	-1.425000	-1.400000	7.128906e-04
14	-1.425000	-1.400000	7.128906e-04
15	-1.425000	-1.400000	7.128906e-04
16	-1.425000	-1.400000	7.128906e-04
17	-1.425000	-1.400000	7.128906e-04
18	-1.425000	-1.400000	7.128906e-04
19	-1.425000	-1.400000	7.128906e-04
20	-1.425000	-1.400000	7.128906e-04
21	-1.425000	-1.400000	7.128906e-04
22	-1.425000	-1.400000	7.128906e-04
23	-1.425000	-1.400000	7.128906e-04
24	-1.425000	-1.400000	7.128906e-04
25	-1.425000	-1.400000	7.128906e-04
26	-1.425000	-1.400000	7.128906e-04
27	-1.425000	-1.400000	7.128906e-04
28	-1.425000	-1.400000	7.128906e-04
29	-1.425000	-1.400000	7.128906e-04
30	-1.425000	-1.400000	7.128906e-04
31	-1.425000	-1.400000	7.128906e-04
32	-1.425000	-1.400000	7.128906e-04
33	-1.425000	-1.400000	7.128906e-04
34	-1.425000	-1.400000	7.128906e-04
35	-1.425000	-1.400000	7.128906e-04
36	-1.425000	-1.400000	7.128906e-04
37	-1.425000	-1.400000	7.128906e-04
38	-1.425000	-1.400000	7.128906e-04
39	-1.425000	-1.400000	7.128906e-04
40	-1.425000	-1.400000	7.128906e-04
41	-1.425000	-1.400000	7.128906e-04
42	-1.425000	-1.400000	7.128906e-04
43	-1.425000	-1.400000	7.128906e-04
44	-1.425000	-1.400000	7.128906e-04
45	-1.425000	-1.400000	7.128906e-04
46	-1.425000	-1.400000	7.128906e-04
47	-1.425000	-1.400000	7.128906e-04
48	-1.425000	-1.400000	7.128906e-04
49	-1.425000	-1.400000	7.128906e-04
50	-1.425000	-1.400000	7.128906e-04
51	-1.425000	-1.400000	7.128906e-04
52	-1.425000	-1.400000	7.128906e-04
53	-1.425000	-1.400000	7.128906e-04
54	-1.425000	-1.400000	7.128906e-04
55	-1.425000	-1.400000	7.128906e-04
56	-1.425000	-1.400000	7.128906e-04
57	-1.425000	-1.400000	7.128906e-04
58	-1.425000	-1.400000	7.128906e-04
59	-1.425000	-1.400000	7.128906e-04
60	-1.425000	-1.400000	7.128906e-04
61	-1.425000	-1.400000	7.128906e-04
62	-1.425000	-1.400000	7.128906e-04
63	-1.425000	-1.400000	7.128906e-04
64	-1.425000	-1.400000	7.128906e-04
65	-1.425000	-1.400000	7.128906e-04
66	-1.425000	-1.400000	7.128906e-04
67	-1.425000	-1.400000	7.128906e-04
68	-1.425000	-1.400000	7.128906e-04
69	-1.425000	-1.400000	7.128906e-04
70	-1.425000	-1.400000	7.128906e-04
71	-1.425000	-1.400000	7.128906e-04
72	-1.425000	-1.400000	7.128906e-04
73	-1.425000	-1.400000	7.128906e-04
74	-1.425000	-1.400000	7.128906e-04
75	-1.425000	-1.400000	7.128906e-04
76	-1.425000	-1.400000	7.128906e-04
77	-1.425000	-1.400000	7.128906e-04
78	-1.425000	-1.400000	7.128906e-04
79	-1.425000	-1.400000	7.128906e-04
80	-1.425000	-1.400000	7.128906e-04
81	-1.425000	-1.400000	7.128906e-04
82	-1.425000	-1.400000	7.128906e-04
83	-1.425000	-1.400000	7.128906e-04
84	-1.425000	-1.400000	7.128906e-04
85	-1.425000	-1.400000	7.128906e-04
86	-1.425000	-1.400000	7.128906e-04
87	-1.425000	-1.400000	7.128906e-04
88	-1.425000	-1.400000	7.128906e-04
89	-1.425000	-1.400000	7.128906e-04
90	-1.425000	-1.400000	7.128906e-04
91	-1.425000	-1.400000	7.128906e-04
92	-1.425000	-1.400000	7.128906e-04
93	-1.425000	-1.400000	7.128906e-04
94	-1.425000	-1.400000	7.128906e-04
95	-1.425000	-1.400000	7.128906e-04
96	-1.425000	-1.400000	7.128906e-04
97	-1.425000	-1.400000	7.128906e-04
98	-1.425000	-1.400000	7.128906e-04
99	-1.425000	-1.400000	7.128906e-04
100	-1.425000	-1.400000	7.128906e-04
101	-1.425000	-1.400000	7.128906e-04
102	-1.425000	-1.400000	7.128906e-04
103	-1.425000	-1.400000	7.128906e-04
104	-1.425000	-1.400000	7.128906e-04
105	-1.425000	-1.400000	7.128906e-04
106	-1.425000	-1.400000	7.128906e-04
107	-1.425000	-1.400000	7.128906e-04
108	-1.425000	-1.400000	7.128906e-04
109	-1.425000	-1.400000	7.128906e-04
110	-1.425000	-1.400000	7.128906e-04
111	-1.425000	-1.400000	7.128906e-04
112	-1.425000	-1.400000	7.128906e-04
113	-1.425000	-1.400000	7.128906e-04
114	-1.425000	-1.400000	7.128906e-04
115	-1.425000	-1.400000	7.128906e-04
116	-1.425000	-1.400000	7.128906e-04
117	-1.425000	-1.400000	7.128906e-04
118	-1.425000	-1.400000	7.128906e-04
119	-1.425000	-1.400000	7.128906e-04
120	-1.425000	-1.400000	7.128906e-04
121	-1.425000	-1.400000	7.128906e-04
122	-1.425000	-1.400000	7.128906e-04
123	-1.425000	-1.400000	7.128906e-04
124	-1.425000	-1.400000	7.128906e-04
125	-1.425000	-1.400000	7.128906e-04
126	-1.425000	-1.400000	7.128906e-04
127	-1.425000	-1.400000	7.128906e-04
128	-1.425000	-1.400000	7.128906e-04
129	-1.425000	-1.400000	7.128906e-04
130	-1.425000	-1.400000	7.128906e-04
131	-1.425000	-1.400000	7.128906e-04
132	-1.425000	-1.400000	7.128906e-04
133	-1.425000	-1.400000	7.128906e-04
134	-1.425000	-1.400000	7.128906e-04
135	-1.425000	-1.400000	7.128906e-04
136	-1.425000	-1.400000	7.128906e-04
137	-1.425000	-1.400000	7.128906e-04
138	-1.425000	-1.400000	7.128906e-04
139	-1.425000	-1.400000	7.128906e-04
140	-1.425000	-1.400000	7.128906e-04
141	-1.425000	-1.400000	7.128906e-04
142	-1.425000	-1.400000	7.128906e-04
143	-1.425000	-1.400000	7.128906e-04
144	-1.425000	-1.400000	7.128906e-04
145	-1.425000	-1.400000	7.128906e-04
146	-1.425000	-1.400000	7.128906e-04
147	-1.425000	-1.400000	7.128906e-04
148	-1.425000	-1.400000	7.128906e-04
149	-1.425000	-1.400000	7.128906e-04
150	-1.425000	-1.400000	7.128906e-04
151	-1.425000	-1.400000	7.128906e-04
152	-1.425000	-1.400000	7.128906e-04
153	-1.425000	-1.400000	7.128906e-04
154	-1.425000	-1.400000	7.128906e-04
155	-1.425000	-1.400000	7.128906e-04
156	-1.425000	-1.400000	7.128906e-04
157	-1.425000	-1.400000	7.128906e-04
158	-1.425000	-1.400000	7.128906e-04
159	-1.425000	-1.400000	7.128906e-04
160	-1.425000	-1.400000	7.128906e-04
161	-1.425000	-1.400000	7.128906e-04
162	-1.425000	-1.400000	7.128906e-04
163	-1.425000	-1.400000	7.128906e-04
164	-1.425000	-1.400000	7.128906e-04
165	-1.425000	-1.400000	7.128906e-04
166	-1.425000	-1.400000	7.128906e-04
167	-1.425000	-1.400000	7.128906e-04
168	-1.425000	-1.400000	7.128906e-04
169	-1.425000	-1.400000	7.128906e-04
170	-1.425000	-1.400000	7.128906e-04
171	-1.425000	-1.400000	7.128906e-04
172	-1.425000	-1.400000	7.128906e-04
173	-1.425000	-1.400000	7.128906e-04
174	-1.425000	-1.400000	7.128906e-04
175	-1.425000	-1.400000	7.128906e-04
176	-1.425000	-1.400000	7.128906e-04
177	-1.425000	-1.400000	7.128906e-04
178	-1.425000	-1.400000	7.128906e-04
179	-1.425000	-1.400000	7.128906e-04
180	-1.425000	-1.400000	7.128906e-04
181	-1.425000	-1.400000	7.128906e-04
182	-1.425000	-1.400000	7.128906e-04
183	-1.425000	-1.400000	7.128906e-04
184	-1.425000	-1.400000	7.128906e-04
185	-1.425000	-1.400000	7.128906e-04
186	-1.425000	-1.400000	7.128906e-04
187	-1.425000	-1.400000	7.128906e-04
188	-1.425000	-1.400000	7.128906e-04
189	-1.425000	-1.400000	7.128906e-04
190	-1.425000	-1.400000	7.128906e-04
191	-1.425000	-1.400000	7.128906e-04
192	-1.425000	-1.400000	7.128906e-04
193	-1.425000	-1.400000	7.128906e-04
194	-1.425000	-1.400000	7.128906e-04
195	-1.425000	-1.400000	7.128906e-04
196	-1.425000	-1.400000	7.128906e-04
197	-1.425000	-1.400000	7.128906e-04
198	-1.425000	-1.400000	7.128906e-04
199	-1.425000	-1.400000	7.128906e-04
200	-1.425000	-1.400000	7.128906e-04
201	-1.425000	-1.400000	7.128906e-04
202	-1.425000	-1.400000	7.128906e-04
203	-1.425000	-1.400000	7.128906e-04
204	-1.425000	-1.400000	7.128906e-04
205	-1.425000	-1.400000	7.128906e-04
206	-1.425000	-1.400000	7.128906e-04
207	-1.425000	-1.400000	7.128906e-04
208	-1.425000	-1.400000	7.128906e-04
209	-1.425000	-1.400000	7.128906e-04
210	-1.425000	-1.400000	7.128906e-04
211	-1.425000	-1.400000	7.128906e-04
212	-1.425000	-1.400000	7.128906e-04
213	-1.425000	-1.400000	7.128906e-04
214	-1.425000	-1.400000	7.128906e-04
215	-1.425000	-1.400000	7.128906e-04
216	-1.425000	-1.400000	7.128906e-04
217	-1.425000	-1.400000	7.128906e-04
218	-1.425000	-1.400000	7.128906e-04
219	-1.425000	-1.400000	7.128906e-04
220	-1.425000	-1.400000	7.128906e-04
221	-1.425000	-1.400000	7.128906e-04
222	-1.425000	-1.400000	7.128906e-04
223	-1.425000	-1.400000	7.128906e-04
224	-1.425000	-1.400000	7.128906e-04
225	-1.425000	-1.400000	7.128906e-04
226	-1.425000	-1.400000	7.128906e-04
227	-1.425000	-1.400000	7.128906e-04
228	-1.425000	-1.400000	7.128906e-04
229	-1.425000	-1.400000	7.128906e-04
230	-1.425000	-1.400000	7.128906e-04
231	-1.425000	-1.400000	7.128906e-04
232	-1.425000	-1.400000	7.128906e-04
233	-1.425000	-1.400000	7.128906e-04
234	-1.425000	-1.400000	7.128906e-04
235	-1.425000	-1.400000	7.128906e-04
236	-1.425000	-1.400000	7.128906e-04
237	-1.425000	-1.400000	7.128906e-04
238	-1.425000	-1.400000	7.128906e-04
239	-1.425000	-1.400000	7.128906e-04
240	-1.425000	-1.400000	7.128906e-04
241	-1.425000	-1.400000	7.128906e-04
242	-1.425000	-1.400000	7.128906e-04
243	-1.425000	-1.400000	7.128906e-04
244	-1.425000	-1.400000	7.128906e-04
245	-1.425000	-1.400000	7.128906e-04
246	-1.425000	-1.400000	7.128906e-04
247	-1.425000	-1.400000	7.128906e-04
248	-1.425000	-1.400000	7.128906e-04
249	-1.425000	-1.400000	7.128906e-04
250	-1.425000	-1.400000	7.128906e-04
251	-1.425000	-1.400000	7.128906e-04
252	-1.425000	-1.400000	7.128906e-04
253	-1.425000	-1.400000	7.128906e-04
254	-1.425000	-1.400000	7.128906e-04
255	-1.425000	-1.400000	7.128906e-04
256	-1.425000	-1.400000	7.128906e-04
257	-1.425000	-1.400000	7.128906e-04
258	-1.425000	-1.400000	7.128906e-04
259	-1.425000	-1.400000	7.128906e-04
260	-1.425000	-1.400000	7.128906e-04
261	-1.425000	-1.400000	7.128906e-04
262	-1.425000	-1.400000	7.128906e-04
263	-1.425000	-1.400000	7.128906e-04
264	-1.425000	-1.400000	7.128906e-04
265	-1.425000	-1.400000	7.128906e-04
266	-1.425000	-1.400000	7.128906e-04
267	-1.425000	-1.400000	7.128906e-04
268	-1.425000	-1.400000	7.128906e-04
269	-1.425000	-1.400000	7.128906e-04
270	-1.425000	-1.400000	7.128906e-04
271	-1.425000	-1.400000	7.128906e-04
272	-1.425000	-1.400000	7.128906e-04
273	-1.425000	-1.400000	7.128906e-04
274	-1.425000	-1.400000	7.128906e-04
275	-1.425000	-1.400000	7.128906e-04
276	-1.425000	-1.400000	7.128906e-04
277	-1.425000	-1.400000	7.128906e-04
278	-1.425000	-1.400000	7.128906e-04
279	-1.425000	-1.400000	7.128906e-04
280	-1.425000	-1.400000	7.128906e-04
281	-1.425000	-1.400000	7.128906e-04
282	-1.425000	-1.400000	7.128906e-04
283	-1.425000	-1.400000	7.128906e-04
284	-1.425000	-1.400000	7.128906e-04
285	-1.425000	-1.400000	7.128906e-04
286	-1.425000	-1.400000	7.128906e-04
287	-1.425000	-1.400000	7.128906e-04
288	-1.425000	-1.400000	7.128906e-04
289	-1.425000	-1.400000	7.128906e-04
290	-1.425000	-1.400000	7.128906e-04
291	-1.425000	-1.400000	7.128906e-04
292	-1.425000	-1.400000	7.128906e-04
293	-1.425000	-1.400000	7.128906e-04
294	-1.425000	-1.400000	7.128906e-04
295	-1.425000	-1.400000	7.128906e-04
296	-1.425000	-1.400000	7.128906e-04
297	-1.425000	-1.400000	7.128906e-04
298	-1.425000	-1.400000	7.128906e-04
299	-1.425000	-1.400000	7.128906e-04
300	-1.425000	-1.400000	7.128906e-04
301	-1.425000	-1.400000	7.128906e-04
302	-1.425000	-1.400000	7.128906e-04
303	-1.425000	-1.400000	7.128906e-04
304	-1.425000	-1.400000	7.128906e-04
305	-1.425000	-1.400000	7.128906e-04
306	-1.425000	-1.400000	7.128906e-04
307	-1.425000	-1.400000	7.128906e-04
308	-1.425000	-1.400000	7.128906e-04
309	-1.425000	-1.400000	7.128906e-04
310	-1.425000	-1.400000	7.128906e-04
311	-1.425000	-1.400000	7.128906e-04
312	-1.425000	-1.400000	7.128906e-04
313	-1.425000	-1.400000	7.128906e-04
314	-1.425000	-1.400000	7.128906e-04
315	-1.425000	-1.400000	7.128906e-04
316	-1.425000	-1.400000	7.128906e-04
317	-1.425000	-1.400000	7.128906e-04
318	-1.425000	-1.400000	7.128906e-04
319	-1.425000	-1.400000	7.128906e-04
320	-1.425000	-1.400000	7.128906e-04
321	-1.425000	-1.400000	7.128906e-04
322	-1.425000	-1.400000	7.128906e-04
323	-1.425000	-1.400000	7.128906e-04
324	-1.425000	-1.400000	7.128906e-04
325	-1.425000	-1.400000	7.128906e-04
326	-1.425000	-1.400000	7.128906e-04
327	-1.425000	-1.400000	7.128906e-04
328	-1.425000	-1.400000	7.128906e-04
329	-1.425000	-1.400000	7.128906e-04
330	-1.425000	-1.400000	7.128906e-04
331	-1.425000	-1.400000	7.128906e-04
332	-1.425000	-1.400000	7.128906e-04
333	-1.425000	-1.400000	7.128906e-04
334	-1.425000	-1.400000	7.128906e-04
335	-1.425000	-1.400000	7.128906e-04
336	-1.425000	-1.400000	7.128906e-04
337	-1.425000	-1.400000	7.128906e-04
338	-1.425000	-1.400000	7.128906e-04
339	-1.425000	-1.400000	7.128906e-04
340	-1.425000	-1.400000	7.128906e-04
341	-1.425000	-1.400000	7.128906e-04
342	-1.425000	-1.400000	7.128906e-04
343	-1.425000	-1.400000	7.128906e-04
344	-1.425000	-1.400000	7.128906e-04
345	-1.425000	-1.400000	7.128906e-04
346	-1.425000	-1.400000	7.128906e-04
347	-1.425000	-1.400000	7.128906e-04
348	-1.425000	-1.400000	7.128906e-04
349	-1.425000	-1.400000	7.128906e-04
350	-1.425000	-1.400000	7.128906e-04
351	-1.425000	-1.400000	7.128906e-04
352	-1.425000	-1.400000	7.128906e-04
353	-1.425000	-1.400000	7.128906e-04
354	-1.425000	-1.400000	7.128906e-04
355	-1.425000	-1.400000	7.128906e-04
356	-1.425000	-1.400000	7.128906e-04
357	-1.425000	-1.400000	7.128906e-04
358	-1.425000	-1.400000	7.128906e-04
359	-1.425000	-1.400000	7.128906e-04
360	-1.425000	-1.400000	7.128906e-04
361	-1.425000	-1.400000	7.128906e-04
362	-1.425000	-1.400000	7.128906e-04
363	-1.425000	-1.400000	7.128906e-04
364	-1.425000	-1.400000	7.128906e-04
365	-1.425000	-1.400000	7.128906e-04
366	-1.425000	-1.400000	7.128906e-04
367	-1.425000	-1.400000	7.128906e-04
368	-1.425000	-1.400000	7.128906e-04
369	-1.425000	-1.400000	7.128906e-04
370	-1.425000	-1.400000	7.128906e-04
371	-1.425000	-1.400000	7.128906e-04
372	-1.425000	-1.400000	7.128906e-04
373	-1.425000	-1.400000	7.128906e-04
374	-1.425000	-1.400000	7.128906e-04
375	-1.425000	-1.400000	7.128906e-04
376	-1.425000	-1.400000	7.128906e-04
377	-1.425000	-1.400000	7.128906e-04
378	-1.425000	-1.400000	7.128906e-04
379	-1.425000	-1.400000	7.128906e-04
380	-1.425000	-1.400000	7.128906e-04
381	-1.425000	-1.400000	7.128906e-04
382	-1.425000	-1.400000	7.128906e-04
383	-1.425000	-1.400000	7.128906e-04
384	-1.425000	-1.400000	7.128906e-04
385	-1.425000	-1.400000	7.128906e-04
386	-1.425000	-1.400000	7.128906e-04
387	-1.425000	-1.400000	7.128906e-04
388	-1.425000	-1.400000	7.128906e-04
389	-1.425000	-1.400000	7.128906e-04
390	-1.425000	-1.400000	7.128906e-04
391	-1.425000	-1.400000	7.128906e-04
392	-1.425000	-1.400000	7.128906e-04
393	-1.425000	-1.400000	7.128906e-04
394	-1.425000	-1.400000	7.128906e-04
395	-1.425000	-1.400000	7.128906e-04
396	-1.425000	-1.400000	7.128906e-04
397	-1.425000	-1.400000	7.128906e-04
398	-1.425000	-1.400000	7.128906e-04
399	-1.425000	-1.400000	7.128906e-04
400	-1.425000	-1.400000	7.128906e-04
401	-1.425000	-1.400000	7.128906e-04
402	-1.425000	-1.400000	7.128906e-04
403	-1.425000	-1.400000	7.128906e-04
404	-1.425000	-1.400000	7.128906e-04
405	-1.425000	-1.400000	7.128906e-04
406	-1.425000	-1.400000	7.128906e-04
407	-1.425000	-1.400000	7.128906e-04
408	-1.425000	-1.400000	7.128906e-04
409	-1.425000	-1.400000	7.128906e-04
410	-1.425000	-1.400000	7.128906e-04
411	-1.425000	-1.400000	7.128906e-04
412	-1.425000	-1.400000	7.128906e-04
413	-1.425000	-1.400000	7.128906e-04
414	-1.425000	-1.400000	7.128906e-04
415	-1.425000	-1.400000	7.128906e-04
416	-1.425000	-1.400000	7.128906e-04
417	-1.425000	-1.400000	7.128906e-04
418	-1.425000	-1.400000	7.128906e-04
419	-1.425000	-1.400000	7.128906e-04
420	-1.425000	-1.400000	7.128906e-04
421	-1.425000	-1.400000	7.128906e-04
422	-1.425000	-1.400000	7.128906e-04
423	-1.425000	-1.400000	7.128906e-04
424	-1.425000	-1.400000	7.128906e-04
425	-1.425000	-1.400000	7.128906e-04
426	-1.425000	-1.400000	7.128906e-04
427	-1.425000	-1.400000	7.128906e-04
428	-1.425000	-1.400000	7.128906e-04
429	-1.425000	-1.400000	7.128906e-04
430	-1.425000	-1.400000	7.128906e-04
431	-1.425000	-1.400000	7.128906e-04
432	-1.425000	-1.400000	7.128906e-04
433	-1.425000	-1.400000	7.128906e-04
434	-1.425000	-1.400000	7.128906e-04
435	-1.425000	-1.400000	7.128906e-04
436	-1.425000	-1.400000	7.128906e-04
437	-1.425000	-1.400000	7.128906e-04
438	-1.425000	-1.400000	7.128906e-04
439	-1.425000	-1.400000	7.128906e-04
440	-1.425000	-1.400000	7.128906e-04
441	-1.425000	-1.400000	7.128906e-04
442	-1.425000	-1.400000	7.128906e-04
443	-1.425000	-1.400000	7.128906e-04
444	-1.425000	-1.400000	7.128906e-04
445	-1.425000	-1.400000	7.128906e-04
446	-1.425000	-1.400000	7.128906e-04
447	-1.425000	-1.400000	7.128906e-04
448	-1.425000	-1.400000	7.128906e-04
449	-1.425000	-1.400000	7.128906e-04
450	-1.425000	-1.400000	7.128906e-04
451	-1.425000	-1.400000	7.128906e-04
452	-1.425000	-1.400000	7.128906e-04
453	-1.425000	-1.400000	7.128906e-04
454	-1.425000	-1.400000	7.128906e-04
455	-1.425000	-1.400000	7.128906e-04
456	-1.425000	-1.400000	7.128906e-04
457	-1.425000	-1.400000	7.128906e-04
458	-1.425000	-1.400000	7.128906e-04
459	-1.425000	-1.400000	7.128906e-04
460	-1.425000	-1.400000	7.128906e-04
461	-1.425000	-1.400000	7.128906e-04
462	-1.425000	-1.400000	7.128906e-04
463	-1.425000	-1.400000	7.128906e-04
464	-1.425000	-1.400000	7.128906e-04
465	-1.425000	-1.400000	7.128906e-04
466	-1.425000	-1.400000	7.128906e-04
467	-1.425000	-1.400000	7.128906e-04
468	-1.425000	-1.400000	7.128906e-04
469	-1.425000	-1.400000	7.128906e-04
470	-1.425000	-1.400000	7.128906e-04
471	-1.425000	-1.400000	7.128906e-04
472	-1.425000	-1.400000	7.128906e-04
473	-1.425000	-1.400000	7.128906e-04
474	-1.425000	-1.400000	7.128906e-04
475	-1.425000	-1.400000	7.128906e-04
476	-1.425000	-1.400000	7.128906e-04
477	-1.425000	-1.400000	7.128906e-04
478	-1.425000	-1.400000	7.128906e-04
479	-1.425000	-1.400000	7.128906e-04
480	-1.425000	-1.400000	7.128906e-04
481	-1.425000	-1.400000	7.128906e-04
482	-1.425000	-1.400000	7.128906e-04
483	-1.425000	-1.400000	7.128906e-04
484	-1.425000	-1.400000	7.128906e-04
485	-1.425000	-1.400000	7.128906e-04
486	-1.425000	-1.400000	7.128906e-04
487	-1.425000	-1.400000	7.128906e-04
488	-1.425000	-1.400000	7.128906e-04
489	-1.425000	-1.400000	7.128906e-04
490	-1.425000	-1.400000	7.128906e-04
491	-1.425000	-1.400000	7.128906e-04
492	-1.425000	-1.400000	7.128906e-04
493	-1.425000	-1.400000	7.128906e-04
494	-1.425000	-1.400000	7.128906e-04
495	-1.425000	-1.400000	7.128906e-04
496	-1.425000	-1.400000	7.128906e-04
497	-1.425000	-1.400000	7.128906e-04
498	-1.425000	-1.400000	7.128906e-04
499	-1.425000	-1.400000	7.128906e-04
500	-1.425000	-1.400000	7.128906e-04
501	-1.425000	-1.400000	7.128906e-04
502	-1.425000	-1.400000	7.128906e-04
503	-1.425000	-1.400000	7.128906e-04
504	-1.425000	-1.400000	7.128906e-04
505	-1.425000	-1.400000	7.128906e-04
506	-1.425000	-1.400000	7.128906e-04
507	-1.425000	-1.400000	7.128906e-04
508	-1.425000	-1.400000	7.128906e-04
509	-1.425000	-1.400000	7.128906e-04
510	-1.425000	-1.400000	7.128906e-04
511	-1.425000	-1.400000	7.128906e-04
512	-1.425000	-1.400000	7.128906e-04
513	-1.425000	-1.400000	7.128906e-04
514	-1.425000	-1.400000	7.128906e-04
515	-1.425000	-1.400000	7.128906e-04
516	-1.425000	-1.400000	7.128906e-04
517	-1.425000	-1.400000	7.128906e-04
518	-1.425000	-1.400000	7.128906e-04
519	-1.425000	-1.400000	7.128906e-04
520	-1.425000	-1.400000	7.128906e-04
521	-1.425000	-1.400000	7.128906e-04
522	-1.425000	-1.400000	7.128906e-04
523	-1.425000	-1.400000	7.128906e-04
524	-1.425000	-1.400000	7.128906e-04
525	-1.425000	-1.400000	7.128906e-04
526	-1.425000	-1.400000	7.128906e-04
527	-1.425000	-1.400000	7.128906e-04
528	-1.425000	-1.400000	7.128906e-04
529	-1.425000	-1.400000	7.128906e-04
530	-1.425000	-1.400000	7.128906e-04
531	-1.425000	-1.400000	7.128906e-04
532	-1.425000	-1.400000	7.128906e-04
533	-1.425000	-1.400000	7.128906e-04
534	-1.425000	-1.400000	7.128906e-04
535	-1.425000	-1.400000	7.128906e-04
536	-1.425000	-1.400000	7.128906e-04
537	-1.425000	-1.400000	7.128906e-04
538	-1.425000	-1.400000	7.128906e-04
539	-1.425000	-1.400000	7.128906e-04
540	-1.425000	-1.400000	7.128906e-04
541	-1.425000	-1.400000	7.128906e-04
542	-1.425000	-1.400000	7.128906e-04
543	-1.425000	-1.400000	7.128906e-04
544	-1.425000	-1.400000	7.128906e-04
545	-1.425000	-1.400000	7.128906e-04
546	-1.425000	-1.400000	7.128906e-04
547	-1.425000	-1.400000	7.128906e-04
548	-1.425000	-1.400000	7.128906e-04
549	-1.425000	-1.400000	7.128906e-04
550	-1.425000	-1.400000	7.128906e-04
551	-1.425000	-1.400000	7.128906e-04
552	-1.425000	-1.400000	7.128906e-04
553	-1.425000	-1.400000	7.128906e-04
554	-1.425000	-1.400000	7.128906e-04
555	-1.425000	-1.400000	7.128906e-04
556	-1.425000	-1.400000	7.128906e-04
557	-1.425000	-1.400000	7.128906e-04
558	-1.425000	-1.400000	7.128906e-04
559	-1.425000	-1.400000	7.128906e-04
560	-1.425000	-1.400000	7.128906e-04
561	-1.425000	-1.400000	7.128906e-04
562	-1.425000	-1.400000	7.128906e-04
563	-1.425000	-1.400000	7.128906e-04
564	-1.425000	-1.400000	7.128906e-04
565	-1.425000	-1.400000	7.128906e-04
566	-1.425000	-1.400000	7.128906e-04
567	-1.425000	-1.400000	7.128906e-04
568	-1.425000	-1.400000	7.128906e-04
569	-1.425000	-1.400000	7.128906e-04
570	-1.425000	-1.400000	7.128906e-04
571	-1.425000	-1.400000	7.128906e-04
572	-1.425000	-1.400000	7.128906e-04
573	-1.425000	-1.400000	7.128906e-04
574	-1.425000	-1.400000	7.128906e-04
575	-1.425000	-1.400000	7.128906e-04
576	-1.425000	-1.400000	7.128906e-04
577	-1.425000	-1.400000	7.128906e-04
578	-1.425000	-1.400000	7.128906e-04
579	-1.425000	-1.400000	7.128906e-04
580	-1.425000	-1.400000	7.128906e-04
581	-1.425000	-1.400000	7.128906e-04
582	-1.425000	-1.400000	7.128906e-04
583	-1.425000	-1.400000	7.128906e-04
584	-1.425000	-1.400000	7.128906e-04
585	-1.425000	-1.400000	7.128906e-04
586	-1.425000	-1.400000	7.128906e-04
587	-1.425000	-1.400000	7.128906e-04
588	-1.425000	-1.400000	7.128906e-04
589	-1.425000	-1.400000	7.128906e-04
590	-1.425000	-1.400000	7.128906e-04
591	-1.425000	-1.400000	7.128906e-04
592	-1.425000	-1.400000	7.128906e-04
593	-1.425000	-1.400000	7.128906e-04
594	-1.425000	-1.400000	7.128906e-04
595	-1.425000	-1.400000	7.128906e-04
596	-1.425000	-1.400000	7.128906e-04
597	-1.425000	-1.400000	7.128906e-04
598	-1.425000	-1.400000	7.128906e-04
599	-1.425000	-1.400000	7.128906e-04
600	-1.425000	-1.400000	7.128906e-04
601	-1.425000	-1.400000	7.128906e-04
602	-1.425000	-1.400000	7.128906e-04
603	-1.425000	-1.400000	7.128906e-04
604	-1.425000	-1.400000	7.128906e-04
605	-1.425000	-1.400000	7.128906e-04
606	-1.425000	-1.400000	7.128906e-04
607	-1.425000	-1.400000	7.128906e-04
608	-1.425000	-1.400000	7.128906e-04
609	-1.425000	-1.400000	7.128906e-04
610	-1.425000	-1.400000	7.128906e-04
611	-1.425000	-1.400000	7.128906e-04
612	-1.425000	-1.400000	7.128906e-04
613	-1.425000	-1.400000	7.128906e-04
614	-1.425000	-1.400000	7.128906e-04
615	-1.425000	-1.400000	7.128906e-04
616	-1.425000	-1.400000	7.128906e-04
617	-1.425000	-1.400000	7.128906e-04
618	-1.425000	-1.400000	7.128906e-04
619	-1.425000	-1.400000	7.128906e-04
620	-1.425000	-1.400000	7.128906e-04
621	-1.425000	-1.400000	7.128906e-04
622	-1.425000	-1.400000	7.128906e-04
623	-1.425000	-1.400000	7.128906e-04
624	-1.425000	-1.400000	7.128906e-04
625	-1.425000	-1.400000	7.128906e-04
626	-1.425000	-1.400000	7.128906e-04
627	-1.425000	-1.400000	7.128906e-04
628	-1.425000	-1.400000	7.128906e-04
629	-1.425000	-1.400000	7.128906e-04
630	-1.425000	-1.400000	7.128906e-04
631	-1.425000	-1.400000	7.128906e-04
632	-1.425000	-1.400000	7.128906e-04
633	-1.425000	-1.400000	7.128906e-04
634	-1.425000	-1.400000	7.128906e-04
635	-1.425000	-1.400000	7.128906e-04
636	-1.425000	-1.400000	7.128906e-04
637	-1.425000	-1.400000	7.128906e-04
638	-1.425000	-1.400000	7.128906e-04
639	-1.425000	-1.400000	7.128906e-04
640	-1.425000	-1.400000	7.128906e-04
641	-1.425000	-1.400000	7.128906e-04
642	-1.425000	-1.400000	7.128906e-04
643	-1.425000	-1.400000	7.128906e-04
644	-1.425000	-1.400000	7.128906e-04
645	-1.425000	-1.400000	7.128906e-04
646	-1.425000	-1.400000	7.128906e-04
647	-1.425000	-1.400000	7.128906e-04
648	-1.425000	-1.400000	7.128906e-04
649	-1.425000	-1.400000	7.128906e-04
650	-1.425000	-1.400000	7.128906e-04
651	-1.425000	-1.400000	7.128906e-04
652	-1.425000	-1.400000	7.128906e-04
653	-1.425000	-1.400000	7.128906e-04
654	-1.425000	-1.400000	7.128906e-04
655	-1.425000	-1.400000	7.128906e-04
656	-1.425000	-1.400000	7.128906e-04
657	-1.425000	-1.400000	7.128906e-04
658	-1.425000	-1.400000	7.128906e-04
659	-1.425000	-1.400000	7.128906e-04
660	-1.425000	-1.400000	7.128906e-04
661	-1.425000	-1.400000	7.128906e-04
662	-1.425000	-1.400000	7.128906e-04
663	-1.425000	-1.400000	7.128906e-04
664	-1.425000	-1.400000	7.128906e-04
665	-1.425000	-1.400000	7.128906e-04
666	-1.425000	-1.400000	7.128906e-04
667	-1.425000	-1.400000	7.128906e-04
668	-1.425000	-1.400000	7.128906e-04
669	-1.425000	-1.400000	7.128906e-04
670	-1.425000	-1.400000	7.128906e-04
671	-1.425000	-1.400000	7.128906e-04
672	-1.425000	-1.400000	7.128906e-04
673	-1.425000	-1.400000	7.128906e-04
674	-1.425000	-1.400000	7.128906e-04
675	-1.425000	-1.400000	7.128906e-04
676	-1.425000	-1.400000	7.128906e-04
677	-1.425000	-1.400000	7.128906e-04
678	-1.425000	-1.400000	7.128906e-04
679	-1.425000	-1.400000	7.128906e-04
680	-1.425000	-1.400000	7.128906e-04
681	-1.425000	-1.400000	7.128906e-04
682	-1.425000	-1.400000	7.128906e-04
683	-1.425000	-1.400000	7.128906e-04
684	-1.425000	-1.400000	7.128906e-04
685	-1.425000	-1.400000	7.128906e-04
686	-1.425000	-1.400000	7.128906e-04
687	-1.425000	-1.400000	7.128906e-04
688	-1.425000	-1.400000	7.128906e-04
689	-1.425000	-1.400000	7.128906e-04
690	-1.425000	-1.400000	7.128906e-04
691	-1.425000	-1.400000	7.128906e-04
692	-1.425000	-1.400000	7.128906e-04
693	-1.425000	-1.400000	7.128906e-04
694	-1.425000	-1.400000	7.128906e-04
695	-1.425000	-1.400000	7.128906e-04
696	-1.425000	-1.400000	7.128906e-04
697	-1.425000	-1.400000	7.128906e-04
698	-1.425000	-1.400000	7.128906e-04
699	-1.425000	-1.400000	7.128906e-04
700	-1.425000	-1.400000	7.128906e-04
701	-1.425000	-1.400000	7.128906e-04
702	-1.425000	-1.400000	7.128906e-04
703	-1.425000	-1.400000	7.128906e-04
704	-1.425000	-1.400000	7.128906e-04
705	-1.425000	-1.400000	7.128906e-04
706	-1.425000	-1.400000	7.128906e-04
707	-1.425000	-1.400000	7.128906e-04
708	-1.425000	-1.400000	7.128906e-04
709	-1.425000	-1.400000	7.128906e-04
710	-1.425000	-1.400000	7.128906e-04
711	-1.425000	-1.400000	7.128906e-04
712	-1.425000	-1.400000	7.128906e-04
713	-1.425000	-1.400000	7.128906e-04
714	-1.425000	-1.400000	7.128906e-04
715	-1.425000	-1.400000	7.128906e-04
716	-1.425000	-1.400000	7.128906e-04
717	-1.425000	-1.400000	7.128906e-04
718	-1.425000	-1.400000	7.128906e-04
719	-1.425000	-1.400000	7.128906e-04
720	-1.425000	-1.400000	7.128906e-04
721	-1.425000	-1.400000	7.128906e-04
722	-1.425000	-1.400000	7.128906e-04
723	-1.425000	-1.400000	7.128906e-04
724	-1.425000	-1.400000	7.128906e-04
725	-1.425000	-1.400000	7.128906e-04
726	-1.425000	-1.400000	7.128906e-04
727	-1.425000	-1.400000	7.128906e-04
728	-1.425000	-1.400000	7.128906e-04
729	-1.425000	-1.400000	7.128906e-04
730	-1.425000	-1.400000	7.128906e-04
731	-1.425000	-1.400000	7.128906e-04
732	-1.425000	-1.400000	7.128906e-04
733	-1.425000	-1.400000	7.128906e-04
734	-1.425000	-1.400000	7.128906e-04
735	-1.425000	-1.400000	7.128906e-04
736	-1.425000	-1.400000	7.128906e-04
737	-1.425000	-1.400000	7.128906e-04
738	-1.425000	-1.400000	7.128906e-04
739	-1.425000	-1.400000	7.128906e-04
740	-1.425000	-1.400000	7.128906e-04
741	-1.425000	-1.400000	7.128906e-04
742	-1.425000	-1.400000	7.128906e-04
743	-1.425000	-1.400000	7.128906e-04
744	-1.425000	-1.400000	7.128906e-04
745	-1.425000	-1.400000	7.128906e-04
746	-1.425000	-1.400000	7.128906e-04
747	-1.425000	-1.400000	7.128906e-04
748	-1.425000	-1.400000	7.128906e-04
749	-1.425000	-1.400000	7.128906e-04
750	-1.425000	-1.400000	7.128906e-04
751	-1.425000	-1.400000	7.128906e-04
752	-1.425000	-1.400000	7.128906e-04
753	-1.425000	-1.400000	7.128906e-04
754	-1.425000	-1.400000	7.128906e-04
755	-1.425000	-1.400000	7.128906e-04
756	-1.425000	-1.400000	7.128906e-04
757	-1.425000	-1.400000	7.128906e-04
758	-1.425000	-1.400000	7.128906e-04
759	-1.425000	-1.400000	7.128906e-04
760	-1.425000	-1.400000	7.128906e-04
761	-1.425000	-1.400000	7.128906e-04
762	-1.425000	-1.400000	7.128906e-04
763	-1.425000	-1.400000	7.128906e-04
764	-1.425000	-1.400000	7.128906e-04
765	-1.425000	-1.400000	7.128906e-04
766	-1.425000	-1.400000	7.128906e-04
767	-1.425000	-1.400000	7.128906e-04
768	-1.425000	-1.400000	7.128906e-04
769	-1.425000	-1.400000	7.128906e-04
770	-1.425000	-1.400000	7.128906e-04
771	-1.425000	-1.400000	7.128906e-04
772	-1.425000	-1.400000	7.128906e-04
773	-1.425000	-1.400000	7.128906e-04
774	-1.425000	-1.400000	7.128906e-04
775	-1.425000	-1.400000	7.128906e-04
776	-1.425000	-1.400000	7.128906e-04
777	-1.425000	-1.400000	7.128906e-04
778	-1.425000	-1.400000	7.128906e-04
779	-1.425000	-1.400000	7.128906e-04
780	-1.425000	-1.400000	7.128906e-04
781	-1.425000	-1.400000	7.128906e-04
782	-1.425000	-1.400000	7.128906e-04
783	-1.425000	-1.400000	7.128906e-04
784	-1.425000	-1.400000	7.128906e-04
785	-1.425000	-1.400000	7.128906e-04
786	-1.425000	-1.400000	7.128906e-04
787	-1.425000	-1.400000	7.128906e-04
788	-1.425000	-1.400000	7.128906e-04
789	-1.425000	-1.400000	7.128906e-04
790	-1.425000	-1.400000	7.128906e-04
791	-1.425000	-1.400000	7.128906e-04
792	-1.425000	-1.400000	7.128906e-04
793	-1.425000	-1.400000	7.128906e-04
794	-1.425000	-1.400000	7.128906e-04
795	-1.425000	-1.400000	7.128906e-04
796	-1.425000	-1.400000	7.128906e-04
797	-1.425000	-1.400000	7.128906e-04
798	-1.425000	-1.400000	7.128906e-04
799	-1.425000	-1.400000	7.128906e-04
800	-1.425000	-1.400000	7.128906e-04
801	-1.425000	-1.400000	7.128906e-04
802	-1.425000	-1.400000	7.128906e-04
803	-1.425000	-1.400000	7.128906e-04
804	-1.425000	-1.400000	7.128906e-04
805	-1.425000	-1.400000	7.128906e-04
806	-1.425000	-1.400000	7.128906e-04
807	-1.425000	-1.400000	7.128906e-04
808	-1.425000	-1.400000	7.128906e-04
809	-1.425000	-1.400000	7.128906e-04
810	-1.425000	-1.400000	7.128906e-04
811	-1.425000	-1.400000	7.128906e-04
812	-1.425000	-1.400000	7.128906e-04
813	-1.425000	-1.400000	7.128906e-04
814	-1.425000	-1.400000	7.128906e-04
815	-1.425000	-1.400000	7.128906e-04
816	-1.425000	-1.400000	7.128906e-04
817	-1.425000	-1.400000	7.128906e-04
818	-1.425000	-1.400000	7.128906e-04
819	-1.425000	-1.400000	7.128906e-04
820	-1.425000	-1.400000	7.128906e-04
821	-1.425000	-1.400000	7.128906e-04
822	-1.425000	-1.400000	7.128906e-04
823	-1.425000	-1.400000	7.128906e-04
824	-1.425000	-1.400000	7.128906e-04
825	-1.425000	-1.400000	7.128906e-04
826	-1.425000	-1.400000	7.128906e-04
827	-1.425000	-1.400000	7.128906e-04
828	-1.425000	-1.400000	7.128906e-04
829	-1.425000	-1.400000	7.128906e-04
830	-1.425000	-1.400000	7.128906e-04
831	-1.425000	-1.400000	7.128906e-04
832	-1.425000	-1.400000	7.128906e-04
833	-1.425000	-1.400000	7.128906e-04
834	-1.425000	-1.400000	7.128906e-04
835	-1.425000	-1.400000	7.128906e-04
836	-1.425000	-1.400000	7.128906e-04
837	-1.425000	-1.400000	7.128906e-04
838	-1.425000	-1.400000	7.128906e-04
839	-1.425000	-1.400000	7.128906e-04
840	-1.425000	-1.400000	7.128906e-04
841	-1.425000	-1.400000	7.128906e-04
842	-1.425000	-1.400000	7.128906e-04
843	-1.425000	-1.400000	7.128906e-04
844	-1.425000	-1.400000	7.128906e-04
845	-1.425000	-1.400000	7.128906e-04
846	-1.425000	-1.400000	7.128906e-04
847	-1.425000	-1.400000	7.128906e-04
848	-1.425000	-1.400000	7.128906e-04
849	-1.425000	-1.400000	7.128906e-04
850	-1.425000	-1.400000	7.128906e-04
851	-1.425000	-1.400000	7.128906e-04
852	-1.425000	-1.400000	7.128906e-04
853	-1.425000	-1.400000	7.128906e-04
854	-1.425000	-1.400000	7.128906e-04
855	-1.425000	-1.400000	7.128906e-04
856	-1.425000	-1.400000	7.128906e-04
857	-1.425000	-1.400000	7.128906e-04
858	-1.425000	-1.400000	7.128906e-04
859	-1.425000	-1.400000	7.128906e-04
860	-1.425000	-1.400000	7.128906e-04
861	-1.425000	-1.400000	7.128906e-04
862	-1.425000	-1.400000	7.128906e-04
863	-1.425000	-1.400000	7.128906e-04
864	-1.425000	-1.400000	7.128906e-04
865	-1.425000	-1.400000	7.128906e-04
866	-1.425000	-1.400000	7.128906e-04
867	-1.425000	-1.400000	7.128906e-04
868	-1.425000	-1.400000	7.128906e-04
869	-1.425000	-1.400000	7.128906e-04
870	-1.425000	-1.400000	7.128906e-04
871	-1.425000	-1.400000	7.128906e-04
872	-1.425000	-1.400000	7.128906e-04
873	-1.425000	-1.400000	7.128906e-04
874	-1.425000	-1.400000	7.128906e-04
875	-1.425000	-1.400000	7.128906e-04
876	-1.425000	-1.400000	7.128906e-04
877	-1.425000	-1.400000	7.128906e-04
878	-1.425000	-1.400000	7.128906e-04
879	-1.425000	-1.400000	7.128906e-04
880	-1.425000	-1.400000	7.128906e-04
881	-1.425000	-1.400000	7.128906e-04
882	-1.425000	-1.400000	7.128906e-04
883	-1.425000	-1.400000	7.128906e-04
884	-1.425000	-1.400000	7.128906e-04
885	-1.425000	-1.400000	7.128906e-04
886	-1.425000	-1.400000	7.128906e-04
887	-1.425000	-1.400000	7.128906e-04
888	-1.425000	-1.400000	7.128906e-04
889	-1.425000	-1.400000	7.128906e-04
890	-1.425000	-1.400000	7.128906e-04
891	-1.425000	-1.400000	7.128906e-04
892	-1.425000	-1.400000	7.128906e-04
893	-1.425000	-1.400000	7.128906e-04
894	-1.425000	-1.400000	7.128906e-04
895	-1.425000	-1.400000	7.128906e-04
896	-1.425000	-1.400000	7.128906e-04
897	-1.425000	-1.400000	7.128906e-04
898	-1.425000	-1.400000	7.128906e-04
899	-1.425000	-1.400000	7.128906e-04
900	-1.425000	-1.400000	7.128906e-04
901	-1.425000	-1.400000	7.128906e-04
902	-1.425000	-1.400000	7.128906e-04
903	-1.425000	-1.400000	7.128906e-04
904	-1.425000	-1.400000	7.128906e-04
905	-1.425000	-1.400000	7.128906e-04
906	-1.425000	-1.400000	7.128906e-04
907	-1.425000	-1.400000	7.128906e-04
908	-1.425000	-1.400000	7.128906e-04
909	-1.425000	-1.400000	7.128906e-04
910	-1.425000	-1.400000	7.128906e-04
911	-1.425000	-1.400000	7.128906e-04
912	-1.425000	-1.400000	7.128906e-04
913	-1.425000	-1.400000	7.128906e-04
914	-1.425000	-1.400000	7.128906e-04
915	-1.425000	-1.400000	7.128906e-04
916	-1.425000	-1.400000	7.128906e-04
917	-1.425000	-1.400000	7.128906e-04
918	-1.425000	-1.400000	7.128906e-04
919	-1.425000	-1.400000	7.128906e-04
920	-1.425000	-1.400000	7.128906e-04
921	-1.425000	-1.400000	7.128906e-04
922	-1.425000	-1.400000	7.128906e-04
923	-1.425000	-1.400000	7.128906e-04
924	-1.425000	-1.400000	7.128906e-04
925	-1.425000	-1.400000	7.128906e-04
926	-1.425000	-1.400000	7.128906e-04
927	-1.425000	-1.400000	7.128906e-04
928	-1.425000	-1.400000	7.128906e-04
929	-1.425000	-1.400000	7.128906e-04
930	-1.425000	-1.400000	7.128906e-04
931	-1.425000	-1.400000	7.128906e-04
932	-1.425000	-1.400000	7.128906e-04
933	-1.425000	-1.400000	7.128906e-04
934	-1.425000	-1.400000	7.128906e-04
935	-1.425000	-1.400000	7.128906e-04
936	-1.425000	-1.400000	7.128906e-04
937	-1.425000	-1.400000	7.128906e-04
938	-1.425000	-1.400000	7.128906e-04
939	-1.425000	-1.400000	7.128906e-04
940	-1.425000	-1.400000	7.128906e-04
941	-1.425000	-1.400000	7.128906e-04
942	-1.425000	-1.400000	7.128906e-04
943	-1.425000	-1.400000	7.128906e-04
944	-1.425000	-1.400000	7.128906e-04
945	-1.425000	-1.400000	7.128906e-04
946	-1.425000	-1.400000	7.128906e-04
947	-1.425000	-1.400000	7.128906e-04
948	-1.425000	-1.400000	7.128906e-04
949	-1.425000	-1.400000	7.128906e-04
950	-1.425000	-1.400000	7.128906e-04
951	-1.425000	-1.400000	7.128906e-04
952	-1.425000	-1.400000	7.128906e-04
953	-1.425000	-1.400000	7.128906e-04
954	-1.425000	-1.400000	7.128906e-04
955	-1.425000	-1.400000	7.128906e-04
956	-1.425000	-1.400000	7.128906e-04
957	-1.425000	-1.400000	7.128906e-04
958	-1.425000	-1.400000	7.128906e-04
959	-1.425000	-1.400000	7.128906e-04
960	-1.425000	-1.400000	7.128906e-04
961	-1.425000	-1.400000	7.128906e-04
962	-1.425000	-1.400000	7.128906e-04
963	-1.425000	-1.400000	7.128906e-04
964	-1.425000	-1.400000	7.128906e-04
965	-1.425000	-1.400000	7.128906e-04
966	-1.425000	-1.400000	7.128906e-04
967	-1.425000	-1.400000	7.128906e-04
968	-1.425000	-1.400000	7.128906e-04
969	-1.425000	-1.400000	7.128906e-04
970	-1.425000	-1.400000	7.128906e-04
971	-1.425000	-1.400000	7.128906e-04
972	-1.425000	-1.400000	7.128906e-04
973	-1.425000	-1.400000	7.128906e-04
974	-1.425000	-1.400000	7.128906e-04
975	-1.425000	-1.400000	7.128906e-04
976	-1.425000	-1.400000	7.128906e-04
977	-1.425000	-1.400000	7.128906e-04
978	-1.425000	-1.400000	7.128906e-04
979	-1.425000	-1.400000	7.128906e-04
980	-1.425000	-1.400000	7.128906e-04
981	-1.425000	-1.400000	7.128906e-04
982	-1.425000	-1.400000	7.128906e-04
983	-1.425000	-1.400000	7.128906e-04
984	-1.425000	-1.400000	7.128906e-04
985	-1.425000	-1.400000	7.128906e-04
986	-1.425000	-1.400000	7.128906e-04
987	-1.425000	-1.400000	7.128906e-04
988	-1.425000	-1.400000	7.128906e-04
989	-1.425000	-1.400000	7.128906e-04
990	-1.425000	-1.400000	7.128906e-04
991	-1.425000	-1.400000	7.128906e-04
992	-1.425000	-1.400000	7.128906e-04
993	-1.425000	-1.400000	7.128906e-04
994	-1.425000	-1.400000	7.128906e-04
995	-1.425000	-1.400000	7.128906e-04
996	-1.425000	-1.400000	7.128906e-04
997	-1.425000	-1.400000	7.128906e-04
